2688     40 2012-10-10      755
2689     47 2012-10-10      800
2690     22 2012-10-10      805
2691     61 2012-10-10      810
2692      0 2012-10-10      815
2693      0 2012-10-10      820
2694      0 2012-10-10      825
2695      0 2012-10-10      830
2696      0 2012-10-10      835
2697      0 2012-10-10      840
2698     60 2012-10-10      845
2699     54 2012-10-10      850
2700     16 2012-10-10      855
2701    135 2012-10-10      900
2702     61 2012-10-10      905
2703     69 2012-10-10      910
2704     32 2012-10-10      915
2705      0 2012-10-10      920
2706      0 2012-10-10      925
2707     17 2012-10-10      930
2708      0 2012-10-10      935
2709      0 2012-10-10      940
2710     69 2012-10-10      945
2711      0 2012-10-10      950
2712     20 2012-10-10      955
2713    400 2012-10-10     1000
2714    105 2012-10-10     1005
2715    292 2012-10-10     1010
2716    291 2012-10-10     1015
2717     30 2012-10-10     1020
2718      0 2012-10-10     1025
2719      0 2012-10-10     1030
2720     40 2012-10-10     1035
2721     38 2012-10-10     1040
2722      0 2012-10-10     1045
2723      0 2012-10-10     1050
2724      0 2012-10-10     1055
2725      0 2012-10-10     1100
2726      0 2012-10-10     1105
2727      0 2012-10-10     1110
2728     72 2012-10-10     1115
2729     37 2012-10-10     1120
2730      0 2012-10-10     1125
2731      0 2012-10-10     1130
2732     25 2012-10-10     1135
2733     17 2012-10-10     1140
2734      0 2012-10-10     1145
2735      0 2012-10-10     1150
2736     88 2012-10-10     1155
2737      7 2012-10-10     1200
2738    413 2012-10-10     1205
2739    326 2012-10-10     1210
2740     93 2012-10-10     1215
2741    334 2012-10-10     1220
2742    317 2012-10-10     1225
2743      0 2012-10-10     1230
2744      0 2012-10-10     1235
2745      0 2012-10-10     1240
2746      0 2012-10-10     1245
2747     68 2012-10-10     1250
2748    129 2012-10-10     1255
2749      0 2012-10-10     1300
2750      0 2012-10-10     1305
2751      0 2012-10-10     1310
2752      0 2012-10-10     1315
2753      0 2012-10-10     1320
2754      0 2012-10-10     1325
2755      0 2012-10-10     1330
2756      0 2012-10-10     1335
2757      0 2012-10-10     1340
2758      0 2012-10-10     1345
2759      0 2012-10-10     1350
2760      0 2012-10-10     1355
2761      0 2012-10-10     1400
2762      0 2012-10-10     1405
2763    103 2012-10-10     1410
2764    119 2012-10-10     1415
2765      0 2012-10-10     1420
2766      0 2012-10-10     1425
2767      0 2012-10-10     1430
2768     70 2012-10-10     1435
2769    125 2012-10-10     1440
2770      0 2012-10-10     1445
2771      0 2012-10-10     1450
2772      0 2012-10-10     1455
2773      0 2012-10-10     1500
2774      0 2012-10-10     1505
2775      0 2012-10-10     1510
2776      0 2012-10-10     1515
2777      0 2012-10-10     1520
2778      0 2012-10-10     1525
2779    176 2012-10-10     1530
2780     71 2012-10-10     1535
2781     43 2012-10-10     1540
2782    340 2012-10-10     1545
2783      7 2012-10-10     1550
2784     13 2012-10-10     1555
2785     15 2012-10-10     1600
2786      0 2012-10-10     1605
2787      0 2012-10-10     1610
2788      0 2012-10-10     1615
2789      0 2012-10-10     1620
2790      0 2012-10-10     1625
2791      0 2012-10-10     1630
2792      0 2012-10-10     1635
2793      0 2012-10-10     1640
2794      0 2012-10-10     1645
2795      0 2012-10-10     1650
2796     15 2012-10-10     1655
2797     50 2012-10-10     1700
2798    271 2012-10-10     1705
2799    106 2012-10-10     1710
2800    272 2012-10-10     1715
2801    308 2012-10-10     1720
2802      0 2012-10-10     1725
2803      0 2012-10-10     1730
2804    111 2012-10-10     1735
2805    281 2012-10-10     1740
2806     11 2012-10-10     1745
2807    139 2012-10-10     1750
2808     36 2012-10-10     1755
2809      0 2012-10-10     1800
2810      0 2012-10-10     1805
2811      0 2012-10-10     1810
2812      0 2012-10-10     1815
2813      0 2012-10-10     1820
2814      0 2012-10-10     1825
2815     58 2012-10-10     1830
2816     63 2012-10-10     1835
2817    260 2012-10-10     1840
2818     82 2012-10-10     1845
2819    310 2012-10-10     1850
2820      0 2012-10-10     1855
2821      0 2012-10-10     1900
2822      0 2012-10-10     1905
2823      8 2012-10-10     1910
2824     12 2012-10-10     1915
2825    364 2012-10-10     1920
2826    219 2012-10-10     1925
2827      0 2012-10-10     1930
2828      0 2012-10-10     1935
2829      0 2012-10-10     1940
2830    174 2012-10-10     1945
2831    205 2012-10-10     1950
2832     12 2012-10-10     1955
2833      0 2012-10-10     2000
2834      0 2012-10-10     2005
2835     11 2012-10-10     2010
2836     17 2012-10-10     2015
2837      0 2012-10-10     2020
2838      0 2012-10-10     2025
2839     37 2012-10-10     2030
2840      0 2012-10-10     2035
2841      0 2012-10-10     2040
2842    105 2012-10-10     2045
2843     34 2012-10-10     2050
2844      0 2012-10-10     2055
2845    152 2012-10-10     2100
2846      0 2012-10-10     2105
2847      0 2012-10-10     2110
2848      0 2012-10-10     2115
2849      0 2012-10-10     2120
2850      0 2012-10-10     2125
2851      0 2012-10-10     2130
2852      0 2012-10-10     2135
2853      0 2012-10-10     2140
2854      0 2012-10-10     2145
2855      0 2012-10-10     2150
2856      0 2012-10-10     2155
2857      0 2012-10-10     2200
2858      0 2012-10-10     2205
2859      0 2012-10-10     2210
2860    112 2012-10-10     2215
2861     23 2012-10-10     2220
2862     12 2012-10-10     2225
2863      8 2012-10-10     2230
2864      0 2012-10-10     2235
2865      0 2012-10-10     2240
2866      0 2012-10-10     2245
2867      0 2012-10-10     2250
2868      0 2012-10-10     2255
2869      7 2012-10-10     2300
2870      0 2012-10-10     2305
2871      0 2012-10-10     2310
2872      0 2012-10-10     2315
2873      0 2012-10-10     2320
2874      0 2012-10-10     2325
2875      0 2012-10-10     2330
2876      0 2012-10-10     2335
2877      0 2012-10-10     2340
2878      0 2012-10-10     2345
2879      8 2012-10-10     2350
2880      0 2012-10-10     2355
2881      0 2012-10-11        0
2882      0 2012-10-11        5
2883      0 2012-10-11       10
2884      8 2012-10-11       15
2885      0 2012-10-11       20
2886      0 2012-10-11       25
2887      0 2012-10-11       30
2888      0 2012-10-11       35
2889      0 2012-10-11       40
2890      0 2012-10-11       45
2891      0 2012-10-11       50
2892      0 2012-10-11       55
2893      0 2012-10-11      100
2894      0 2012-10-11      105
2895      8 2012-10-11      110
2896      0 2012-10-11      115
2897      0 2012-10-11      120
2898      0 2012-10-11      125
2899      0 2012-10-11      130
2900      0 2012-10-11      135
2901      0 2012-10-11      140
2902      0 2012-10-11      145
2903      0 2012-10-11      150
2904      0 2012-10-11      155
2905      0 2012-10-11      200
2906      0 2012-10-11      205
2907      0 2012-10-11      210
2908      0 2012-10-11      215
2909      0 2012-10-11      220
2910      0 2012-10-11      225
2911      0 2012-10-11      230
2912      0 2012-10-11      235
2913      0 2012-10-11      240
2914      0 2012-10-11      245
2915      0 2012-10-11      250
2916      0 2012-10-11      255
2917      0 2012-10-11      300
2918      0 2012-10-11      305
2919      0 2012-10-11      310
2920      0 2012-10-11      315
2921      0 2012-10-11      320
2922      0 2012-10-11      325
2923      0 2012-10-11      330
2924      0 2012-10-11      335
2925      0 2012-10-11      340
2926      0 2012-10-11      345
2927      0 2012-10-11      350
2928      0 2012-10-11      355
2929      0 2012-10-11      400
2930      0 2012-10-11      405
2931      0 2012-10-11      410
2932      0 2012-10-11      415
2933      0 2012-10-11      420
2934      0 2012-10-11      425
2935      0 2012-10-11      430
2936      0 2012-10-11      435
2937    139 2012-10-11      440
2938     15 2012-10-11      445
2939      0 2012-10-11      450
2940      0 2012-10-11      455
2941      0 2012-10-11      500
2942      0 2012-10-11      505
2943      0 2012-10-11      510
2944      0 2012-10-11      515
2945      0 2012-10-11      520
2946      0 2012-10-11      525
2947      0 2012-10-11      530
2948      0 2012-10-11      535
2949      0 2012-10-11      540
2950      0 2012-10-11      545
2951      0 2012-10-11      550
2952     11 2012-10-11      555
2953      0 2012-10-11      600
2954     10 2012-10-11      605
2955     40 2012-10-11      610
2956      0 2012-10-11      615
2957      0 2012-10-11      620
2958     32 2012-10-11      625
2959     34 2012-10-11      630
2960    105 2012-10-11      635
2961     33 2012-10-11      640
2962      8 2012-10-11      645
2963     16 2012-10-11      650
2964     18 2012-10-11      655
2965      0 2012-10-11      700
2966      9 2012-10-11      705
2967      0 2012-10-11      710
2968      0 2012-10-11      715
2969     27 2012-10-11      720
2970     22 2012-10-11      725
2971      0 2012-10-11      730
2972     50 2012-10-11      735
2973      0 2012-10-11      740
2974      0 2012-10-11      745
2975      0 2012-10-11      750
2976     23 2012-10-11      755
2977     43 2012-10-11      800
2978     70 2012-10-11      805
2979    619 2012-10-11      810
2980    743 2012-10-11      815
2981    446 2012-10-11      820
2982    748 2012-10-11      825
2983    424 2012-10-11      830
2984    747 2012-10-11      835
2985    739 2012-10-11      840
2986    741 2012-10-11      845
2987    726 2012-10-11      850
2988    166 2012-10-11      855
2989    548 2012-10-11      900
2990    343 2012-10-11      905
2991     13 2012-10-11      910
2992     26 2012-10-11      915
2993     64 2012-10-11      920
2994      0 2012-10-11      925
2995      0 2012-10-11      930
2996      0 2012-10-11      935
2997      0 2012-10-11      940
2998      0 2012-10-11      945
2999      0 2012-10-11      950
3000      0 2012-10-11      955
3001      0 2012-10-11     1000
3002      0 2012-10-11     1005
3003      0 2012-10-11     1010
3004      0 2012-10-11     1015
3005      0 2012-10-11     1020
3006      0 2012-10-11     1025
3007      0 2012-10-11     1030
3008      0 2012-10-11     1035
3009      0 2012-10-11     1040
3010      0 2012-10-11     1045
3011      0 2012-10-11     1050
3012      0 2012-10-11     1055
3013      0 2012-10-11     1100
3014      0 2012-10-11     1105
3015      0 2012-10-11     1110
3016      0 2012-10-11     1115
3017      0 2012-10-11     1120
3018      7 2012-10-11     1125
3019     46 2012-10-11     1130
3020      0 2012-10-11     1135
3021      0 2012-10-11     1140
3022      0 2012-10-11     1145
3023      0 2012-10-11     1150
3024      0 2012-10-11     1155
3025      0 2012-10-11     1200
3026      0 2012-10-11     1205
3027      0 2012-10-11     1210
3028     31 2012-10-11     1215
3029     45 2012-10-11     1220
3030      0 2012-10-11     1225
3031      0 2012-10-11     1230
3032      0 2012-10-11     1235
3033      0 2012-10-11     1240
3034      0 2012-10-11     1245
3035      0 2012-10-11     1250
3036      0 2012-10-11     1255
3037      0 2012-10-11     1300
3038      0 2012-10-11     1305
3039      0 2012-10-11     1310
3040      0 2012-10-11     1315
3041      0 2012-10-11     1320
3042      0 2012-10-11     1325
3043      0 2012-10-11     1330
3044      0 2012-10-11     1335
3045      0 2012-10-11     1340
3046      0 2012-10-11     1345
3047      0 2012-10-11     1350
3048      0 2012-10-11     1355
3049      0 2012-10-11     1400
3050      0 2012-10-11     1405
3051      0 2012-10-11     1410
3052      0 2012-10-11     1415
3053      0 2012-10-11     1420
3054      0 2012-10-11     1425
3055     22 2012-10-11     1430
3056     27 2012-10-11     1435
3057      0 2012-10-11     1440
3058      0 2012-10-11     1445
3059      0 2012-10-11     1450
3060      0 2012-10-11     1455
3061      0 2012-10-11     1500
3062      0 2012-10-11     1505
3063      0 2012-10-11     1510
3064      0 2012-10-11     1515
3065      0 2012-10-11     1520
3066      0 2012-10-11     1525
3067     75 2012-10-11     1530
3068    119 2012-10-11     1535
3069    395 2012-10-11     1540
3070     78 2012-10-11     1545
3071    292 2012-10-11     1550
3072    416 2012-10-11     1555
3073     35 2012-10-11     1600
3074      0 2012-10-11     1605
3075      0 2012-10-11     1610
3076     27 2012-10-11     1615
3077     32 2012-10-11     1620
3078      0 2012-10-11     1625
3079      0 2012-10-11     1630
3080      0 2012-10-11     1635
3081      0 2012-10-11     1640
3082      0 2012-10-11     1645
3083     49 2012-10-11     1650
3084     57 2012-10-11     1655
3085     34 2012-10-11     1700
3086      0 2012-10-11     1705
3087      0 2012-10-11     1710
3088      0 2012-10-11     1715
3089      0 2012-10-11     1720
3090      0 2012-10-11     1725
3091     39 2012-10-11     1730
3092     30 2012-10-11     1735
3093      9 2012-10-11     1740
3094     41 2012-10-11     1745
3095      7 2012-10-11     1750
3096      0 2012-10-11     1755
3097      0 2012-10-11     1800
3098     40 2012-10-11     1805
3099     22 2012-10-11     1810
3100     31 2012-10-11     1815
3101     19 2012-10-11     1820
3102      0 2012-10-11     1825
3103      8 2012-10-11     1830
3104     22 2012-10-11     1835
3105     62 2012-10-11     1840
3106     60 2012-10-11     1845
3107      0 2012-10-11     1850
3108      0 2012-10-11     1855
3109      0 2012-10-11     1900
3110      0 2012-10-11     1905
3111      0 2012-10-11     1910
3112      0 2012-10-11     1915
3113      0 2012-10-11     1920
3114      0 2012-10-11     1925
3115      0 2012-10-11     1930
3116      0 2012-10-11     1935
3117      0 2012-10-11     1940
3118      0 2012-10-11     1945
3119      0 2012-10-11     1950
3120      0 2012-10-11     1955
3121      0 2012-10-11     2000
3122      0 2012-10-11     2005
3123      0 2012-10-11     2010
3124      0 2012-10-11     2015
3125      0 2012-10-11     2020
3126      0 2012-10-11     2025
3127      0 2012-10-11     2030
3128      0 2012-10-11     2035
3129      0 2012-10-11     2040
3130      0 2012-10-11     2045
3131      0 2012-10-11     2050
3132      0 2012-10-11     2055
3133      0 2012-10-11     2100
3134      0 2012-10-11     2105
3135     95 2012-10-11     2110
3136      0 2012-10-11     2115
3137     91 2012-10-11     2120
3138     50 2012-10-11     2125
3139     31 2012-10-11     2130
3140      0 2012-10-11     2135
3141      0 2012-10-11     2140
3142      0 2012-10-11     2145
3143     20 2012-10-11     2150
3144     11 2012-10-11     2155
3145      0 2012-10-11     2200
3146      0 2012-10-11     2205
3147      0 2012-10-11     2210
3148      0 2012-10-11     2215
3149      0 2012-10-11     2220
3150      0 2012-10-11     2225
3151      0 2012-10-11     2230
3152      0 2012-10-11     2235
3153      0 2012-10-11     2240
3154      0 2012-10-11     2245
3155      0 2012-10-11     2250
3156      0 2012-10-11     2255
3157     11 2012-10-11     2300
3158      0 2012-10-11     2305
3159      0 2012-10-11     2310
3160      0 2012-10-11     2315
3161      0 2012-10-11     2320
3162      4 2012-10-11     2325
3163      0 2012-10-11     2330
3164      0 2012-10-11     2335
3165      0 2012-10-11     2340
3166      0 2012-10-11     2345
3167      0 2012-10-11     2350
3168      0 2012-10-11     2355
3169      0 2012-10-12        0
3170      0 2012-10-12        5
3171      0 2012-10-12       10
3172      0 2012-10-12       15
3173      0 2012-10-12       20
3174      0 2012-10-12       25
3175      0 2012-10-12       30
3176      0 2012-10-12       35
3177      0 2012-10-12       40
3178      0 2012-10-12       45
3179      0 2012-10-12       50
3180      0 2012-10-12       55
3181      0 2012-10-12      100
3182      0 2012-10-12      105
3183      0 2012-10-12      110
3184      0 2012-10-12      115
3185      0 2012-10-12      120
3186      0 2012-10-12      125
3187     38 2012-10-12      130
3188      0 2012-10-12      135
3189      0 2012-10-12      140
3190      0 2012-10-12      145
3191      0 2012-10-12      150
3192      0 2012-10-12      155
3193      0 2012-10-12      200
3194      0 2012-10-12      205
3195      0 2012-10-12      210
3196      0 2012-10-12      215
3197      0 2012-10-12      220
3198      0 2012-10-12      225
3199      0 2012-10-12      230
3200      0 2012-10-12      235
3201      0 2012-10-12      240
3202      0 2012-10-12      245
3203      7 2012-10-12      250
3204      0 2012-10-12      255
3205      0 2012-10-12      300
3206      0 2012-10-12      305
3207      0 2012-10-12      310
3208      0 2012-10-12      315
3209      0 2012-10-12      320
3210      0 2012-10-12      325
3211      0 2012-10-12      330
3212      0 2012-10-12      335
3213      0 2012-10-12      340
3214      0 2012-10-12      345
3215      0 2012-10-12      350
3216      0 2012-10-12      355
3217      0 2012-10-12      400
3218      0 2012-10-12      405
3219      0 2012-10-12      410
3220      0 2012-10-12      415
3221      0 2012-10-12      420
3222      0 2012-10-12      425
3223     48 2012-10-12      430
3224      0 2012-10-12      435
3225      0 2012-10-12      440
3226      0 2012-10-12      445
3227      0 2012-10-12      450
3228      0 2012-10-12      455
3229      0 2012-10-12      500
3230      0 2012-10-12      505
3231      0 2012-10-12      510
3232      0 2012-10-12      515
3233      0 2012-10-12      520
3234      0 2012-10-12      525
3235      0 2012-10-12      530
3236      0 2012-10-12      535
3237     30 2012-10-12      540
3238     92 2012-10-12      545
3239      0 2012-10-12      550
3240     11 2012-10-12      555
3241      0 2012-10-12      600
3242     10 2012-10-12      605
3243     19 2012-10-12      610
3244    111 2012-10-12      615
3245     38 2012-10-12      620
3246     16 2012-10-12      625
3247     29 2012-10-12      630
3248      9 2012-10-12      635
3249     45 2012-10-12      640
3250     35 2012-10-12      645
3251     53 2012-10-12      650
3252     43 2012-10-12      655
3253      8 2012-10-12      700
3254     40 2012-10-12      705
3255      0 2012-10-12      710
3256     32 2012-10-12      715
3257     57 2012-10-12      720
3258     35 2012-10-12      725
3259    117 2012-10-12      730
3260    117 2012-10-12      735
3261     25 2012-10-12      740
3262     95 2012-10-12      745
3263     29 2012-10-12      750
3264    141 2012-10-12      755
3265     51 2012-10-12      800
3266    123 2012-10-12      805
3267    440 2012-10-12      810
3268    687 2012-10-12      815
3269    614 2012-10-12      820
3270    474 2012-10-12      825
3271    750 2012-10-12      830
3272    742 2012-10-12      835
3273    770 2012-10-12      840
3274    735 2012-10-12      845
3275    746 2012-10-12      850
3276    748 2012-10-12      855
3277    802 2012-10-12      900
3278    280 2012-10-12      905
3279     31 2012-10-12      910
3280      0 2012-10-12      915
3281      0 2012-10-12      920
3282      0 2012-10-12      925
3283      0 2012-10-12      930
3284      0 2012-10-12      935
3285      0 2012-10-12      940
3286      7 2012-10-12      945
3287     92 2012-10-12      950
3288      0 2012-10-12      955
3289      0 2012-10-12     1000
3290      0 2012-10-12     1005
3291      0 2012-10-12     1010
3292      0 2012-10-12     1015
3293     46 2012-10-12     1020
3294      7 2012-10-12     1025
3295      0 2012-10-12     1030
3296    328 2012-10-12     1035
3297    156 2012-10-12     1040
3298      0 2012-10-12     1045
3299      0 2012-10-12     1050
3300      0 2012-10-12     1055
3301    129 2012-10-12     1100
3302    339 2012-10-12     1105
3303    150 2012-10-12     1110
3304      0 2012-10-12     1115
3305      0 2012-10-12     1120
3306      0 2012-10-12     1125
3307     70 2012-10-12     1130
3308      0 2012-10-12     1135
3309      9 2012-10-12     1140
3310      0 2012-10-12     1145
3311      0 2012-10-12     1150
3312      0 2012-10-12     1155
3313     70 2012-10-12     1200
3314      0 2012-10-12     1205
3315      0 2012-10-12     1210
3316      0 2012-10-12     1215
3317      0 2012-10-12     1220
3318      0 2012-10-12     1225
3319      0 2012-10-12     1230
3320      0 2012-10-12     1235
3321     18 2012-10-12     1240
3322     91 2012-10-12     1245
3323      0 2012-10-12     1250
3324      0 2012-10-12     1255
3325      0 2012-10-12     1300
3326     75 2012-10-12     1305
3327      0 2012-10-12     1310
3328      0 2012-10-12     1315
3329      0 2012-10-12     1320
3330      0 2012-10-12     1325
3331     99 2012-10-12     1330
3332      0 2012-10-12     1335
3333      0 2012-10-12     1340
 [ reached getOption("max.print") -- omitted 14235 rows ]
> daily_summary <- summarise(daily, total_steps = sum(steps))
Error: could not find function "summarise"
> library(dplyr)

Attaching package: ‘dplyr’

The following objects are masked from ‘package:stats’:

    filter, lag

The following objects are masked from ‘package:base’:

    intersect, setdiff, setequal, union

> source('~/.active-rstudio-document', echo=TRUE)

> ## ----load-preprocess-data------------------------------------------------
> print("hello")
[1] "hello"

> unzip("activity.zip")

> activity_raw <- read.csv("activity.csv")

> activity_no_na <- na.omit(activity_raw)

> ## ------------------------------------------------------------------------
> library(dplyr)

> daily <- group_by(activity_no_na, date)

> daily_summary <- summarise(daily, total_steps = sum(steps))

> hist(daily_summary$steps)
Error in hist.default(daily_summary$steps) : 'x' must be numeric
> source('~/.active-rstudio-document', echo=TRUE)

> ## ----load-preprocess-data------------------------------------------------
> print("hello")
[1] "hello"

> unzip("activity.zip")

> activity_raw <- read.csv("activity.csv")

> activity_no_na <- na.omit(activity_raw)

> ## ------------------------------------------------------------------------
> library(dplyr)

> daily <- group_by(activity_no_na, date)

> daily_summary <- summarise(daily, total_steps = sum(steps))

> hist(daily_summary$total_steps)
> source('~/.active-rstudio-document', echo=TRUE)

> ## ----load-preprocess-data------------------------------------------------
> print("hello")
[1] "hello"

> unzip("activity.zip")

> activity_raw <- read.csv("activity.csv")

> activity_no_na <- na.omit(activity_raw)

> ## ------------------------------------------------------------------------
> library(dplyr)

> daily <- group_by(activity_no_na, date)

> daily_summary <- summarise(daily, total_steps = sum(steps))

> hist(daily_summary$total_steps)

> daily_mean <- mean(daily_summary$total_steps)

> daily_median <- median(daily_summary$total_steps)
> ## Daily mean: `r sprintf(daily_mean)`
> ?sprintf
> source('~/.active-rstudio-document', echo=TRUE)

> ## ----load-preprocess-data------------------------------------------------
> print("hello")
[1] "hello"

> unzip("activity.zip")

> activity_raw <- read.csv("activity.csv")

> activity_no_na <- na.omit(activity_raw)

> ## ------------------------------------------------------------------------
> library(dplyr)

> steps_grouped_by_day <- group_by(activity_no_na, date)

> daily_summary <- summarise(steps_grouped_by_day, total_steps = sum(steps))

> hist(daily_summary$total_steps)

> daily_mean <- mean(daily_summary$total_steps)

> daily_median <- median(daily_summary$total_steps)

> ## ------------------------------------------------------------------------
> 
> steps_grouped_by_interval <- group_by(activity_no_na, interval)

> interval_summary <- summarise(steps_grouped_by_interval, mean_steps = mean(steps))

> plot(interval_summary$mean_steps, type = "l")

> ## ------------------------------------------------------------------------
> missing_values <- nrow(activity_raw) - nrow(activity_no_na)
> View(interval_summary)
> ind <- interval_summary$interval
> mean_vec <-vector()
> mean_vec <-interval_summary$mean_steps
> mean_vec <-vector()
> mean_vec[ind, interval_summary$mean_steps ]
Error in mean_vec[ind, interval_summary$mean_steps] : 
  incorrect number of dimensions
> mean_vec[ind, interval_summary$mean_steps]
Error in mean_vec[ind, interval_summary$mean_steps] : 
  incorrect number of dimensions
> ?vector
> mean_vec(ind)
Error: could not find function "mean_vec"
> mean_vec <-vector(ind)
Error in vector(ind) : invalid 'mode' argument
> m <- matrix(ind, interval_summary$mean_steps)
> View(m)
> rem(m)
Error: could not find function "rem"
> rm(m)
> ?join
> a <- array(interval_summary$mean_steps)
> ?gsub
> ?kable
> filled_in <- semi_join(activities_raw, interval_summary)
Joining by: "interval"
> View(filled_in)
> ?semi_join
> filled_in <- semi_join(x = activities_raw$interval, y = interval_summary$interval)
Error in UseMethod("semi_join") : 
  no applicable method for 'semi_join' applied to an object of class "c('integer', 'numeric')"
> ?sapply
> mean_vec <- interval_summary$mean_steps
> interval_vec <- vector()
> interval_vec <- intercal_summary$interval
Error: object 'intercal_summary' not found
> interval_vec <- interval_summary$interval
> interval_vec[1]
[1] 0
> interval_list = list()
> interval_list[interval_summary$interval, interval_summary$mean_steps]
Error in interval_list[interval_summary$interval, interval_summary$mean_steps] : 
  incorrect number of dimensions
> 

> interval_list = list( interval = interval_summary$interval, steps = interval_summary$mean_steps)
> interval_list[1]
$interval
  [1]    0    5   10   15   20   25   30   35   40   45   50   55  100  105  110  115  120  125  130  135  140  145  150  155  200  205  210  215  220
 [30]  225  230  235  240  245  250  255  300  305  310  315  320  325  330  335  340  345  350  355  400  405  410  415  420  425  430  435  440  445
 [59]  450  455  500  505  510  515  520  525  530  535  540  545  550  555  600  605  610  615  620  625  630  635  640  645  650  655  700  705  710
 [88]  715  720  725  730  735  740  745  750  755  800  805  810  815  820  825  830  835  840  845  850  855  900  905  910  915  920  925  930  935
[117]  940  945  950  955 1000 1005 1010 1015 1020 1025 1030 1035 1040 1045 1050 1055 1100 1105 1110 1115 1120 1125 1130 1135 1140 1145 1150 1155 1200
[146] 1205 1210 1215 1220 1225 1230 1235 1240 1245 1250 1255 1300 1305 1310 1315 1320 1325 1330 1335 1340 1345 1350 1355 1400 1405 1410 1415 1420 1425
[175] 1430 1435 1440 1445 1450 1455 1500 1505 1510 1515 1520 1525 1530 1535 1540 1545 1550 1555 1600 1605 1610 1615 1620 1625 1630 1635 1640 1645 1650
[204] 1655 1700 1705 1710 1715 1720 1725 1730 1735 1740 1745 1750 1755 1800 1805 1810 1815 1820 1825 1830 1835 1840 1845 1850 1855 1900 1905 1910 1915
[233] 1920 1925 1930 1935 1940 1945 1950 1955 2000 2005 2010 2015 2020 2025 2030 2035 2040 2045 2050 2055 2100 2105 2110 2115 2120 2125 2130 2135 2140
[262] 2145 2150 2155 2200 2205 2210 2215 2220 2225 2230 2235 2240 2245 2250 2255 2300 2305 2310 2315 2320 2325 2330 2335 2340 2345 2350 2355

> interval_list[1,]
Error in interval_list[1, ] : incorrect number of dimensions
> interval_list[51,]
Error in interval_list[51, ] : incorrect number of dimensions
> interval_list[55,]
Error in interval_list[55, ] : incorrect number of dimensions
> interval_list[5,]
Error in interval_list[5, ] : incorrect number of dimensions
> View(interval_list)
> interval_list[[5]]
Error in interval_list[[5]] : subscript out of bounds
> interval_list[["5"]]
NULL
> interval_list[["5"],]
Error: unexpected ',' in "interval_list[["5"],"
> interval_list[["5"]]
NULL
> interval_list[[5]]
Error in interval_list[[5]] : subscript out of bounds
> interval_list[5
+ ]
$<NA>
NULL

> interval_list
$interval
  [1]    0    5   10   15   20   25   30   35   40   45   50   55  100  105  110  115  120  125  130  135  140  145  150  155  200  205  210  215  220
 [30]  225  230  235  240  245  250  255  300  305  310  315  320  325  330  335  340  345  350  355  400  405  410  415  420  425  430  435  440  445
 [59]  450  455  500  505  510  515  520  525  530  535  540  545  550  555  600  605  610  615  620  625  630  635  640  645  650  655  700  705  710
 [88]  715  720  725  730  735  740  745  750  755  800  805  810  815  820  825  830  835  840  845  850  855  900  905  910  915  920  925  930  935
[117]  940  945  950  955 1000 1005 1010 1015 1020 1025 1030 1035 1040 1045 1050 1055 1100 1105 1110 1115 1120 1125 1130 1135 1140 1145 1150 1155 1200
[146] 1205 1210 1215 1220 1225 1230 1235 1240 1245 1250 1255 1300 1305 1310 1315 1320 1325 1330 1335 1340 1345 1350 1355 1400 1405 1410 1415 1420 1425
[175] 1430 1435 1440 1445 1450 1455 1500 1505 1510 1515 1520 1525 1530 1535 1540 1545 1550 1555 1600 1605 1610 1615 1620 1625 1630 1635 1640 1645 1650
[204] 1655 1700 1705 1710 1715 1720 1725 1730 1735 1740 1745 1750 1755 1800 1805 1810 1815 1820 1825 1830 1835 1840 1845 1850 1855 1900 1905 1910 1915
[233] 1920 1925 1930 1935 1940 1945 1950 1955 2000 2005 2010 2015 2020 2025 2030 2035 2040 2045 2050 2055 2100 2105 2110 2115 2120 2125 2130 2135 2140
[262] 2145 2150 2155 2200 2205 2210 2215 2220 2225 2230 2235 2240 2245 2250 2255 2300 2305 2310 2315 2320 2325 2330 2335 2340 2345 2350 2355

$steps
  [1]   1.7169811   0.3396226   0.1320755   0.1509434   0.0754717   2.0943396   0.5283019   0.8679245   0.0000000   1.4716981   0.3018868   0.1320755
 [13]   0.3207547   0.6792453   0.1509434   0.3396226   0.0000000   1.1132075   1.8301887   0.1698113   0.1698113   0.3773585   0.2641509   0.0000000
 [25]   0.0000000   0.0000000   1.1320755   0.0000000   0.0000000   0.1320755   0.0000000   0.2264151   0.0000000   0.0000000   1.5471698   0.9433962
 [37]   0.0000000   0.0000000   0.0000000   0.0000000   0.2075472   0.6226415   1.6226415   0.5849057   0.4905660   0.0754717   0.0000000   0.0000000
 [49]   1.1886792   0.9433962   2.5660377   0.0000000   0.3396226   0.3584906   4.1132075   0.6603774   3.4905660   0.8301887   3.1132075   1.1132075
 [61]   0.0000000   1.5660377   3.0000000   2.2452830   3.3207547   2.9622642   2.0943396   6.0566038  16.0188679  18.3396226  39.4528302  44.4905660
 [73]  31.4905660  49.2641509  53.7735849  63.4528302  49.9622642  47.0754717  52.1509434  39.3396226  44.0188679  44.1698113  37.3584906  49.0377358
 [85]  43.8113208  44.3773585  50.5094340  54.5094340  49.9245283  50.9811321  55.6792453  44.3207547  52.2641509  69.5471698  57.8490566  56.1509434
 [97]  73.3773585  68.2075472 129.4339623 157.5283019 171.1509434 155.3962264 177.3018868 206.1698113 195.9245283 179.5660377 183.3962264 167.0188679
[109] 143.4528302 124.0377358 109.1132075 108.1132075 103.7169811  95.9622642  66.2075472  45.2264151  24.7924528  38.7547170  34.9811321  21.0566038
[121]  40.5660377  26.9811321  42.4150943  52.6603774  38.9245283  50.7924528  44.2830189  37.4150943  34.6981132  28.3396226  25.0943396  31.9433962
[133]  31.3584906  29.6792453  21.3207547  25.5471698  28.3773585  26.4716981  33.4339623  49.9811321  42.0377358  44.6037736  46.0377358  59.1886792
[145]  63.8679245  87.6981132  94.8490566  92.7735849  63.3962264  50.1698113  54.4716981  32.4150943  26.5283019  37.7358491  45.0566038  67.2830189
[157]  42.3396226  39.8867925  43.2641509  40.9811321  46.2452830  56.4339623  42.7547170  25.1320755  39.9622642  53.5471698  47.3207547  60.8113208
[169]  55.7547170  51.9622642  43.5849057  48.6981132  35.4716981  37.5471698  41.8490566  27.5094340  17.1132075  26.0754717  43.6226415  43.7735849
[181]  30.0188679  36.0754717  35.4905660  38.8490566  45.9622642  47.7547170  48.1320755  65.3207547  82.9056604  98.6603774 102.1132075  83.9622642
[193]  62.1320755  64.1320755  74.5471698  63.1698113  56.9056604  59.7735849  43.8679245  38.5660377  44.6603774  45.4528302  46.2075472  43.6792453
[205]  46.6226415  56.3018868  50.7169811  61.2264151  72.7169811  78.9433962  68.9433962  59.6603774  75.0943396  56.5094340  34.7735849  37.4528302
[217]  40.6792453  58.0188679  74.6981132  85.3207547  59.2641509  67.7735849  77.6981132  74.2452830  85.3396226  99.4528302  86.5849057  85.6037736
[229]  84.8679245  77.8301887  58.0377358  53.3584906  36.3207547  20.7169811  27.3962264  40.0188679  30.2075472  25.5471698  45.6603774  33.5283019
[241]  19.6226415  19.0188679  19.3396226  33.3396226  26.8113208  21.1698113  27.3018868  21.3396226  19.5471698  21.3207547  32.3018868  20.1509434
[253]  15.9433962  17.2264151  23.4528302  19.2452830  12.4528302   8.0188679  14.6603774  16.3018868   8.6792453   7.7924528   8.1320755   2.6226415
[265]   1.4528302   3.6792453   4.8113208   8.5094340   7.0754717   8.6981132   9.7547170   2.2075472   0.3207547   0.1132075   1.6037736   4.6037736
[277]   3.3018868   2.8490566   0.0000000   0.8301887   0.9622642   1.5849057   2.6037736   4.6981132   3.3018868   0.6415094   0.2264151   1.0754717

> interval_list[[0]]
Error in interval_list[[0]] : attempt to select less than one element
> interval_list[[2]]
  [1]   1.7169811   0.3396226   0.1320755   0.1509434   0.0754717   2.0943396   0.5283019   0.8679245   0.0000000   1.4716981   0.3018868   0.1320755
 [13]   0.3207547   0.6792453   0.1509434   0.3396226   0.0000000   1.1132075   1.8301887   0.1698113   0.1698113   0.3773585   0.2641509   0.0000000
 [25]   0.0000000   0.0000000   1.1320755   0.0000000   0.0000000   0.1320755   0.0000000   0.2264151   0.0000000   0.0000000   1.5471698   0.9433962
 [37]   0.0000000   0.0000000   0.0000000   0.0000000   0.2075472   0.6226415   1.6226415   0.5849057   0.4905660   0.0754717   0.0000000   0.0000000
 [49]   1.1886792   0.9433962   2.5660377   0.0000000   0.3396226   0.3584906   4.1132075   0.6603774   3.4905660   0.8301887   3.1132075   1.1132075
 [61]   0.0000000   1.5660377   3.0000000   2.2452830   3.3207547   2.9622642   2.0943396   6.0566038  16.0188679  18.3396226  39.4528302  44.4905660
 [73]  31.4905660  49.2641509  53.7735849  63.4528302  49.9622642  47.0754717  52.1509434  39.3396226  44.0188679  44.1698113  37.3584906  49.0377358
 [85]  43.8113208  44.3773585  50.5094340  54.5094340  49.9245283  50.9811321  55.6792453  44.3207547  52.2641509  69.5471698  57.8490566  56.1509434
 [97]  73.3773585  68.2075472 129.4339623 157.5283019 171.1509434 155.3962264 177.3018868 206.1698113 195.9245283 179.5660377 183.3962264 167.0188679
[109] 143.4528302 124.0377358 109.1132075 108.1132075 103.7169811  95.9622642  66.2075472  45.2264151  24.7924528  38.7547170  34.9811321  21.0566038
[121]  40.5660377  26.9811321  42.4150943  52.6603774  38.9245283  50.7924528  44.2830189  37.4150943  34.6981132  28.3396226  25.0943396  31.9433962
[133]  31.3584906  29.6792453  21.3207547  25.5471698  28.3773585  26.4716981  33.4339623  49.9811321  42.0377358  44.6037736  46.0377358  59.1886792
[145]  63.8679245  87.6981132  94.8490566  92.7735849  63.3962264  50.1698113  54.4716981  32.4150943  26.5283019  37.7358491  45.0566038  67.2830189
[157]  42.3396226  39.8867925  43.2641509  40.9811321  46.2452830  56.4339623  42.7547170  25.1320755  39.9622642  53.5471698  47.3207547  60.8113208
[169]  55.7547170  51.9622642  43.5849057  48.6981132  35.4716981  37.5471698  41.8490566  27.5094340  17.1132075  26.0754717  43.6226415  43.7735849
[181]  30.0188679  36.0754717  35.4905660  38.8490566  45.9622642  47.7547170  48.1320755  65.3207547  82.9056604  98.6603774 102.1132075  83.9622642
[193]  62.1320755  64.1320755  74.5471698  63.1698113  56.9056604  59.7735849  43.8679245  38.5660377  44.6603774  45.4528302  46.2075472  43.6792453
[205]  46.6226415  56.3018868  50.7169811  61.2264151  72.7169811  78.9433962  68.9433962  59.6603774  75.0943396  56.5094340  34.7735849  37.4528302
[217]  40.6792453  58.0188679  74.6981132  85.3207547  59.2641509  67.7735849  77.6981132  74.2452830  85.3396226  99.4528302  86.5849057  85.6037736
[229]  84.8679245  77.8301887  58.0377358  53.3584906  36.3207547  20.7169811  27.3962264  40.0188679  30.2075472  25.5471698  45.6603774  33.5283019
[241]  19.6226415  19.0188679  19.3396226  33.3396226  26.8113208  21.1698113  27.3018868  21.3396226  19.5471698  21.3207547  32.3018868  20.1509434
[253]  15.9433962  17.2264151  23.4528302  19.2452830  12.4528302   8.0188679  14.6603774  16.3018868   8.6792453   7.7924528   8.1320755   2.6226415
[265]   1.4528302   3.6792453   4.8113208   8.5094340   7.0754717   8.6981132   9.7547170   2.2075472   0.3207547   0.1132075   1.6037736   4.6037736
[277]   3.3018868   2.8490566   0.0000000   0.8301887   0.9622642   1.5849057   2.6037736   4.6981132   3.3018868   0.6415094   0.2264151   1.0754717
> interval_list[[[0]]]
Error: unexpected '[' in "interval_list[[["
> v = interval_summary$interval, interval_summary$mean_steps
Error: unexpected ',' in "v = interval_summary$interval,"
> v = list(interval_summary$interval, interval_summary$mean_steps)
> v
[[1]]
  [1]    0    5   10   15   20   25   30   35   40   45   50   55  100  105  110  115  120  125  130  135  140  145  150  155  200  205  210  215  220
 [30]  225  230  235  240  245  250  255  300  305  310  315  320  325  330  335  340  345  350  355  400  405  410  415  420  425  430  435  440  445
 [59]  450  455  500  505  510  515  520  525  530  535  540  545  550  555  600  605  610  615  620  625  630  635  640  645  650  655  700  705  710
 [88]  715  720  725  730  735  740  745  750  755  800  805  810  815  820  825  830  835  840  845  850  855  900  905  910  915  920  925  930  935
[117]  940  945  950  955 1000 1005 1010 1015 1020 1025 1030 1035 1040 1045 1050 1055 1100 1105 1110 1115 1120 1125 1130 1135 1140 1145 1150 1155 1200
[146] 1205 1210 1215 1220 1225 1230 1235 1240 1245 1250 1255 1300 1305 1310 1315 1320 1325 1330 1335 1340 1345 1350 1355 1400 1405 1410 1415 1420 1425
[175] 1430 1435 1440 1445 1450 1455 1500 1505 1510 1515 1520 1525 1530 1535 1540 1545 1550 1555 1600 1605 1610 1615 1620 1625 1630 1635 1640 1645 1650
[204] 1655 1700 1705 1710 1715 1720 1725 1730 1735 1740 1745 1750 1755 1800 1805 1810 1815 1820 1825 1830 1835 1840 1845 1850 1855 1900 1905 1910 1915
[233] 1920 1925 1930 1935 1940 1945 1950 1955 2000 2005 2010 2015 2020 2025 2030 2035 2040 2045 2050 2055 2100 2105 2110 2115 2120 2125 2130 2135 2140
[262] 2145 2150 2155 2200 2205 2210 2215 2220 2225 2230 2235 2240 2245 2250 2255 2300 2305 2310 2315 2320 2325 2330 2335 2340 2345 2350 2355

[[2]]
  [1]   1.7169811   0.3396226   0.1320755   0.1509434   0.0754717   2.0943396   0.5283019   0.8679245   0.0000000   1.4716981   0.3018868   0.1320755
 [13]   0.3207547   0.6792453   0.1509434   0.3396226   0.0000000   1.1132075   1.8301887   0.1698113   0.1698113   0.3773585   0.2641509   0.0000000
 [25]   0.0000000   0.0000000   1.1320755   0.0000000   0.0000000   0.1320755   0.0000000   0.2264151   0.0000000   0.0000000   1.5471698   0.9433962
 [37]   0.0000000   0.0000000   0.0000000   0.0000000   0.2075472   0.6226415   1.6226415   0.5849057   0.4905660   0.0754717   0.0000000   0.0000000
 [49]   1.1886792   0.9433962   2.5660377   0.0000000   0.3396226   0.3584906   4.1132075   0.6603774   3.4905660   0.8301887   3.1132075   1.1132075
 [61]   0.0000000   1.5660377   3.0000000   2.2452830   3.3207547   2.9622642   2.0943396   6.0566038  16.0188679  18.3396226  39.4528302  44.4905660
 [73]  31.4905660  49.2641509  53.7735849  63.4528302  49.9622642  47.0754717  52.1509434  39.3396226  44.0188679  44.1698113  37.3584906  49.0377358
 [85]  43.8113208  44.3773585  50.5094340  54.5094340  49.9245283  50.9811321  55.6792453  44.3207547  52.2641509  69.5471698  57.8490566  56.1509434
 [97]  73.3773585  68.2075472 129.4339623 157.5283019 171.1509434 155.3962264 177.3018868 206.1698113 195.9245283 179.5660377 183.3962264 167.0188679
[109] 143.4528302 124.0377358 109.1132075 108.1132075 103.7169811  95.9622642  66.2075472  45.2264151  24.7924528  38.7547170  34.9811321  21.0566038
[121]  40.5660377  26.9811321  42.4150943  52.6603774  38.9245283  50.7924528  44.2830189  37.4150943  34.6981132  28.3396226  25.0943396  31.9433962
[133]  31.3584906  29.6792453  21.3207547  25.5471698  28.3773585  26.4716981  33.4339623  49.9811321  42.0377358  44.6037736  46.0377358  59.1886792
[145]  63.8679245  87.6981132  94.8490566  92.7735849  63.3962264  50.1698113  54.4716981  32.4150943  26.5283019  37.7358491  45.0566038  67.2830189
[157]  42.3396226  39.8867925  43.2641509  40.9811321  46.2452830  56.4339623  42.7547170  25.1320755  39.9622642  53.5471698  47.3207547  60.8113208
[169]  55.7547170  51.9622642  43.5849057  48.6981132  35.4716981  37.5471698  41.8490566  27.5094340  17.1132075  26.0754717  43.6226415  43.7735849
[181]  30.0188679  36.0754717  35.4905660  38.8490566  45.9622642  47.7547170  48.1320755  65.3207547  82.9056604  98.6603774 102.1132075  83.9622642
[193]  62.1320755  64.1320755  74.5471698  63.1698113  56.9056604  59.7735849  43.8679245  38.5660377  44.6603774  45.4528302  46.2075472  43.6792453
[205]  46.6226415  56.3018868  50.7169811  61.2264151  72.7169811  78.9433962  68.9433962  59.6603774  75.0943396  56.5094340  34.7735849  37.4528302
[217]  40.6792453  58.0188679  74.6981132  85.3207547  59.2641509  67.7735849  77.6981132  74.2452830  85.3396226  99.4528302  86.5849057  85.6037736
[229]  84.8679245  77.8301887  58.0377358  53.3584906  36.3207547  20.7169811  27.3962264  40.0188679  30.2075472  25.5471698  45.6603774  33.5283019
[241]  19.6226415  19.0188679  19.3396226  33.3396226  26.8113208  21.1698113  27.3018868  21.3396226  19.5471698  21.3207547  32.3018868  20.1509434
[253]  15.9433962  17.2264151  23.4528302  19.2452830  12.4528302   8.0188679  14.6603774  16.3018868   8.6792453   7.7924528   8.1320755   2.6226415
[265]   1.4528302   3.6792453   4.8113208   8.5094340   7.0754717   8.6981132   9.7547170   2.2075472   0.3207547   0.1132075   1.6037736   4.6037736
[277]   3.3018868   2.8490566   0.0000000   0.8301887   0.9622642   1.5849057   2.6037736   4.6981132   3.3018868   0.6415094   0.2264151   1.0754717

> View(v)
> v[[5]]
Error in v[[5]] : subscript out of bounds
> v[5]
[[1]]
NULL

> v[["5"]]
NULL
> v"5"
Error: unexpected string constant in "v"5""
> v["5"]
[[1]]
NULL

> v[["
+   4"]]
NULL
> 
> v[["5"]]
NULL
> v[["5"],]
Error: unexpected ',' in "v[["5"],"
> v[["5"],1]
Error: unexpected ',' in "v[["5"],"
> v[["5"][1]]
Error: unexpected '[' in "v[["5"]["
> v[["5"],[1]]
Error: unexpected ',' in "v[["5"],"
> v[["5"],[0]]
Error: unexpected ',' in "v[["5"],"
> v[["5"][0]]
Error: unexpected '[' in "v[["5"]["
> v[[5][0]]
Error: unexpected '[' in "v[[5]["
> v[5,0
+ ]
Error in v[5, 0] : incorrect number of dimensions
> v[5,1]
Error in v[5, 1] : incorrect number of dimensions
> v[[5,1]
+ ]
Error in v[[5, 1]] : incorrect number of subscripts
