1322    NA 2012-11-09     1405  51.9622642
1323    NA 2012-11-09     1410  43.5849057
1324    NA 2012-11-09     1415  48.6981132
1325    NA 2012-11-09     1420  35.4716981
1326    NA 2012-11-09     1425  37.5471698
1327    NA 2012-11-09     1430  41.8490566
1328    NA 2012-11-09     1435  27.5094340
1329    NA 2012-11-09     1440  17.1132075
1330    NA 2012-11-09     1445  26.0754717
1331    NA 2012-11-09     1450  43.6226415
1332    NA 2012-11-09     1455  43.7735849
1333    NA 2012-11-09     1500  30.0188679
1334    NA 2012-11-09     1505  36.0754717
1335    NA 2012-11-09     1510  35.4905660
1336    NA 2012-11-09     1515  38.8490566
1337    NA 2012-11-09     1520  45.9622642
1338    NA 2012-11-09     1525  47.7547170
1339    NA 2012-11-09     1530  48.1320755
1340    NA 2012-11-09     1535  65.3207547
1341    NA 2012-11-09     1540  82.9056604
1342    NA 2012-11-09     1545  98.6603774
1343    NA 2012-11-09     1550 102.1132075
1344    NA 2012-11-09     1555  83.9622642
1345    NA 2012-11-09     1600  62.1320755
1346    NA 2012-11-09     1605  64.1320755
1347    NA 2012-11-09     1610  74.5471698
1348    NA 2012-11-09     1615  63.1698113
1349    NA 2012-11-09     1620  56.9056604
1350    NA 2012-11-09     1625  59.7735849
1351    NA 2012-11-09     1630  43.8679245
1352    NA 2012-11-09     1635  38.5660377
1353    NA 2012-11-09     1640  44.6603774
1354    NA 2012-11-09     1645  45.4528302
1355    NA 2012-11-09     1650  46.2075472
1356    NA 2012-11-09     1655  43.6792453
1357    NA 2012-11-09     1700  46.6226415
1358    NA 2012-11-09     1705  56.3018868
1359    NA 2012-11-09     1710  50.7169811
1360    NA 2012-11-09     1715  61.2264151
1361    NA 2012-11-09     1720  72.7169811
1362    NA 2012-11-09     1725  78.9433962
1363    NA 2012-11-09     1730  68.9433962
1364    NA 2012-11-09     1735  59.6603774
1365    NA 2012-11-09     1740  75.0943396
1366    NA 2012-11-09     1745  56.5094340
1367    NA 2012-11-09     1750  34.7735849
1368    NA 2012-11-09     1755  37.4528302
1369    NA 2012-11-09     1800  40.6792453
1370    NA 2012-11-09     1805  58.0188679
1371    NA 2012-11-09     1810  74.6981132
1372    NA 2012-11-09     1815  85.3207547
1373    NA 2012-11-09     1820  59.2641509
1374    NA 2012-11-09     1825  67.7735849
1375    NA 2012-11-09     1830  77.6981132
1376    NA 2012-11-09     1835  74.2452830
1377    NA 2012-11-09     1840  85.3396226
1378    NA 2012-11-09     1845  99.4528302
1379    NA 2012-11-09     1850  86.5849057
1380    NA 2012-11-09     1855  85.6037736
1381    NA 2012-11-09     1900  84.8679245
1382    NA 2012-11-09     1905  77.8301887
1383    NA 2012-11-09     1910  58.0377358
1384    NA 2012-11-09     1915  53.3584906
1385    NA 2012-11-09     1920  36.3207547
1386    NA 2012-11-09     1925  20.7169811
1387    NA 2012-11-09     1930  27.3962264
1388    NA 2012-11-09     1935  40.0188679
1389    NA 2012-11-09     1940  30.2075472
1390    NA 2012-11-09     1945  25.5471698
1391    NA 2012-11-09     1950  45.6603774
1392    NA 2012-11-09     1955  33.5283019
1393    NA 2012-11-09     2000  19.6226415
1394    NA 2012-11-09     2005  19.0188679
1395    NA 2012-11-09     2010  19.3396226
1396    NA 2012-11-09     2015  33.3396226
1397    NA 2012-11-09     2020  26.8113208
1398    NA 2012-11-09     2025  21.1698113
1399    NA 2012-11-09     2030  27.3018868
1400    NA 2012-11-09     2035  21.3396226
1401    NA 2012-11-09     2040  19.5471698
1402    NA 2012-11-09     2045  21.3207547
1403    NA 2012-11-09     2050  32.3018868
1404    NA 2012-11-09     2055  20.1509434
1405    NA 2012-11-09     2100  15.9433962
1406    NA 2012-11-09     2105  17.2264151
1407    NA 2012-11-09     2110  23.4528302
1408    NA 2012-11-09     2115  19.2452830
1409    NA 2012-11-09     2120  12.4528302
1410    NA 2012-11-09     2125   8.0188679
1411    NA 2012-11-09     2130  14.6603774
1412    NA 2012-11-09     2135  16.3018868
1413    NA 2012-11-09     2140   8.6792453
1414    NA 2012-11-09     2145   7.7924528
1415    NA 2012-11-09     2150   8.1320755
1416    NA 2012-11-09     2155   2.6226415
1417    NA 2012-11-09     2200   1.4528302
1418    NA 2012-11-09     2205   3.6792453
1419    NA 2012-11-09     2210   4.8113208
1420    NA 2012-11-09     2215   8.5094340
1421    NA 2012-11-09     2220   7.0754717
1422    NA 2012-11-09     2225   8.6981132
1423    NA 2012-11-09     2230   9.7547170
1424    NA 2012-11-09     2235   2.2075472
1425    NA 2012-11-09     2240   0.3207547
1426    NA 2012-11-09     2245   0.1132075
1427    NA 2012-11-09     2250   1.6037736
1428    NA 2012-11-09     2255   4.6037736
1429    NA 2012-11-09     2300   3.3018868
1430    NA 2012-11-09     2305   2.8490566
1431    NA 2012-11-09     2310   0.0000000
1432    NA 2012-11-09     2315   0.8301887
1433    NA 2012-11-09     2320   0.9622642
1434    NA 2012-11-09     2325   1.5849057
1435    NA 2012-11-09     2330   2.6037736
1436    NA 2012-11-09     2335   4.6981132
1437    NA 2012-11-09     2340   3.3018868
1438    NA 2012-11-09     2345   0.6415094
1439    NA 2012-11-09     2350   0.2264151
1440    NA 2012-11-09     2355   1.0754717
1441    NA 2012-11-10        0   1.7169811
1442    NA 2012-11-10        5   0.3396226
1443    NA 2012-11-10       10   0.1320755
1444    NA 2012-11-10       15   0.1509434
1445    NA 2012-11-10       20   0.0754717
1446    NA 2012-11-10       25   2.0943396
1447    NA 2012-11-10       30   0.5283019
1448    NA 2012-11-10       35   0.8679245
1449    NA 2012-11-10       40   0.0000000
1450    NA 2012-11-10       45   1.4716981
1451    NA 2012-11-10       50   0.3018868
1452    NA 2012-11-10       55   0.1320755
1453    NA 2012-11-10      100   0.3207547
1454    NA 2012-11-10      105   0.6792453
1455    NA 2012-11-10      110   0.1509434
1456    NA 2012-11-10      115   0.3396226
1457    NA 2012-11-10      120   0.0000000
1458    NA 2012-11-10      125   1.1132075
1459    NA 2012-11-10      130   1.8301887
1460    NA 2012-11-10      135   0.1698113
1461    NA 2012-11-10      140   0.1698113
1462    NA 2012-11-10      145   0.3773585
1463    NA 2012-11-10      150   0.2641509
1464    NA 2012-11-10      155   0.0000000
1465    NA 2012-11-10      200   0.0000000
1466    NA 2012-11-10      205   0.0000000
1467    NA 2012-11-10      210   1.1320755
1468    NA 2012-11-10      215   0.0000000
1469    NA 2012-11-10      220   0.0000000
1470    NA 2012-11-10      225   0.1320755
1471    NA 2012-11-10      230   0.0000000
1472    NA 2012-11-10      235   0.2264151
1473    NA 2012-11-10      240   0.0000000
1474    NA 2012-11-10      245   0.0000000
1475    NA 2012-11-10      250   1.5471698
1476    NA 2012-11-10      255   0.9433962
1477    NA 2012-11-10      300   0.0000000
1478    NA 2012-11-10      305   0.0000000
1479    NA 2012-11-10      310   0.0000000
1480    NA 2012-11-10      315   0.0000000
1481    NA 2012-11-10      320   0.2075472
1482    NA 2012-11-10      325   0.6226415
1483    NA 2012-11-10      330   1.6226415
1484    NA 2012-11-10      335   0.5849057
1485    NA 2012-11-10      340   0.4905660
1486    NA 2012-11-10      345   0.0754717
1487    NA 2012-11-10      350   0.0000000
1488    NA 2012-11-10      355   0.0000000
1489    NA 2012-11-10      400   1.1886792
1490    NA 2012-11-10      405   0.9433962
1491    NA 2012-11-10      410   2.5660377
1492    NA 2012-11-10      415   0.0000000
1493    NA 2012-11-10      420   0.3396226
1494    NA 2012-11-10      425   0.3584906
1495    NA 2012-11-10      430   4.1132075
1496    NA 2012-11-10      435   0.6603774
1497    NA 2012-11-10      440   3.4905660
1498    NA 2012-11-10      445   0.8301887
1499    NA 2012-11-10      450   3.1132075
1500    NA 2012-11-10      455   1.1132075
1501    NA 2012-11-10      500   0.0000000
1502    NA 2012-11-10      505   1.5660377
1503    NA 2012-11-10      510   3.0000000
1504    NA 2012-11-10      515   2.2452830
1505    NA 2012-11-10      520   3.3207547
1506    NA 2012-11-10      525   2.9622642
1507    NA 2012-11-10      530   2.0943396
1508    NA 2012-11-10      535   6.0566038
1509    NA 2012-11-10      540  16.0188679
1510    NA 2012-11-10      545  18.3396226
1511    NA 2012-11-10      550  39.4528302
1512    NA 2012-11-10      555  44.4905660
1513    NA 2012-11-10      600  31.4905660
1514    NA 2012-11-10      605  49.2641509
1515    NA 2012-11-10      610  53.7735849
1516    NA 2012-11-10      615  63.4528302
1517    NA 2012-11-10      620  49.9622642
1518    NA 2012-11-10      625  47.0754717
1519    NA 2012-11-10      630  52.1509434
1520    NA 2012-11-10      635  39.3396226
1521    NA 2012-11-10      640  44.0188679
1522    NA 2012-11-10      645  44.1698113
1523    NA 2012-11-10      650  37.3584906
1524    NA 2012-11-10      655  49.0377358
1525    NA 2012-11-10      700  43.8113208
1526    NA 2012-11-10      705  44.3773585
1527    NA 2012-11-10      710  50.5094340
1528    NA 2012-11-10      715  54.5094340
1529    NA 2012-11-10      720  49.9245283
1530    NA 2012-11-10      725  50.9811321
1531    NA 2012-11-10      730  55.6792453
1532    NA 2012-11-10      735  44.3207547
1533    NA 2012-11-10      740  52.2641509
1534    NA 2012-11-10      745  69.5471698
1535    NA 2012-11-10      750  57.8490566
1536    NA 2012-11-10      755  56.1509434
1537    NA 2012-11-10      800  73.3773585
1538    NA 2012-11-10      805  68.2075472
1539    NA 2012-11-10      810 129.4339623
1540    NA 2012-11-10      815 157.5283019
1541    NA 2012-11-10      820 171.1509434
1542    NA 2012-11-10      825 155.3962264
1543    NA 2012-11-10      830 177.3018868
1544    NA 2012-11-10      835 206.1698113
1545    NA 2012-11-10      840 195.9245283
1546    NA 2012-11-10      845 179.5660377
1547    NA 2012-11-10      850 183.3962264
1548    NA 2012-11-10      855 167.0188679
1549    NA 2012-11-10      900 143.4528302
1550    NA 2012-11-10      905 124.0377358
1551    NA 2012-11-10      910 109.1132075
1552    NA 2012-11-10      915 108.1132075
1553    NA 2012-11-10      920 103.7169811
1554    NA 2012-11-10      925  95.9622642
1555    NA 2012-11-10      930  66.2075472
1556    NA 2012-11-10      935  45.2264151
1557    NA 2012-11-10      940  24.7924528
1558    NA 2012-11-10      945  38.7547170
1559    NA 2012-11-10      950  34.9811321
1560    NA 2012-11-10      955  21.0566038
1561    NA 2012-11-10     1000  40.5660377
1562    NA 2012-11-10     1005  26.9811321
1563    NA 2012-11-10     1010  42.4150943
1564    NA 2012-11-10     1015  52.6603774
1565    NA 2012-11-10     1020  38.9245283
1566    NA 2012-11-10     1025  50.7924528
1567    NA 2012-11-10     1030  44.2830189
1568    NA 2012-11-10     1035  37.4150943
1569    NA 2012-11-10     1040  34.6981132
1570    NA 2012-11-10     1045  28.3396226
1571    NA 2012-11-10     1050  25.0943396
1572    NA 2012-11-10     1055  31.9433962
1573    NA 2012-11-10     1100  31.3584906
1574    NA 2012-11-10     1105  29.6792453
1575    NA 2012-11-10     1110  21.3207547
1576    NA 2012-11-10     1115  25.5471698
1577    NA 2012-11-10     1120  28.3773585
1578    NA 2012-11-10     1125  26.4716981
1579    NA 2012-11-10     1130  33.4339623
1580    NA 2012-11-10     1135  49.9811321
1581    NA 2012-11-10     1140  42.0377358
1582    NA 2012-11-10     1145  44.6037736
1583    NA 2012-11-10     1150  46.0377358
1584    NA 2012-11-10     1155  59.1886792
1585    NA 2012-11-10     1200  63.8679245
1586    NA 2012-11-10     1205  87.6981132
1587    NA 2012-11-10     1210  94.8490566
1588    NA 2012-11-10     1215  92.7735849
1589    NA 2012-11-10     1220  63.3962264
1590    NA 2012-11-10     1225  50.1698113
1591    NA 2012-11-10     1230  54.4716981
1592    NA 2012-11-10     1235  32.4150943
1593    NA 2012-11-10     1240  26.5283019
1594    NA 2012-11-10     1245  37.7358491
1595    NA 2012-11-10     1250  45.0566038
1596    NA 2012-11-10     1255  67.2830189
1597    NA 2012-11-10     1300  42.3396226
1598    NA 2012-11-10     1305  39.8867925
1599    NA 2012-11-10     1310  43.2641509
1600    NA 2012-11-10     1315  40.9811321
1601    NA 2012-11-10     1320  46.2452830
1602    NA 2012-11-10     1325  56.4339623
1603    NA 2012-11-10     1330  42.7547170
1604    NA 2012-11-10     1335  25.1320755
1605    NA 2012-11-10     1340  39.9622642
1606    NA 2012-11-10     1345  53.5471698
1607    NA 2012-11-10     1350  47.3207547
1608    NA 2012-11-10     1355  60.8113208
1609    NA 2012-11-10     1400  55.7547170
1610    NA 2012-11-10     1405  51.9622642
1611    NA 2012-11-10     1410  43.5849057
1612    NA 2012-11-10     1415  48.6981132
1613    NA 2012-11-10     1420  35.4716981
1614    NA 2012-11-10     1425  37.5471698
1615    NA 2012-11-10     1430  41.8490566
1616    NA 2012-11-10     1435  27.5094340
1617    NA 2012-11-10     1440  17.1132075
1618    NA 2012-11-10     1445  26.0754717
1619    NA 2012-11-10     1450  43.6226415
1620    NA 2012-11-10     1455  43.7735849
1621    NA 2012-11-10     1500  30.0188679
1622    NA 2012-11-10     1505  36.0754717
1623    NA 2012-11-10     1510  35.4905660
1624    NA 2012-11-10     1515  38.8490566
1625    NA 2012-11-10     1520  45.9622642
1626    NA 2012-11-10     1525  47.7547170
1627    NA 2012-11-10     1530  48.1320755
1628    NA 2012-11-10     1535  65.3207547
1629    NA 2012-11-10     1540  82.9056604
1630    NA 2012-11-10     1545  98.6603774
1631    NA 2012-11-10     1550 102.1132075
1632    NA 2012-11-10     1555  83.9622642
1633    NA 2012-11-10     1600  62.1320755
1634    NA 2012-11-10     1605  64.1320755
1635    NA 2012-11-10     1610  74.5471698
1636    NA 2012-11-10     1615  63.1698113
1637    NA 2012-11-10     1620  56.9056604
1638    NA 2012-11-10     1625  59.7735849
1639    NA 2012-11-10     1630  43.8679245
1640    NA 2012-11-10     1635  38.5660377
1641    NA 2012-11-10     1640  44.6603774
1642    NA 2012-11-10     1645  45.4528302
1643    NA 2012-11-10     1650  46.2075472
1644    NA 2012-11-10     1655  43.6792453
1645    NA 2012-11-10     1700  46.6226415
1646    NA 2012-11-10     1705  56.3018868
1647    NA 2012-11-10     1710  50.7169811
1648    NA 2012-11-10     1715  61.2264151
1649    NA 2012-11-10     1720  72.7169811
1650    NA 2012-11-10     1725  78.9433962
1651    NA 2012-11-10     1730  68.9433962
1652    NA 2012-11-10     1735  59.6603774
1653    NA 2012-11-10     1740  75.0943396
1654    NA 2012-11-10     1745  56.5094340
1655    NA 2012-11-10     1750  34.7735849
1656    NA 2012-11-10     1755  37.4528302
1657    NA 2012-11-10     1800  40.6792453
1658    NA 2012-11-10     1805  58.0188679
1659    NA 2012-11-10     1810  74.6981132
1660    NA 2012-11-10     1815  85.3207547
1661    NA 2012-11-10     1820  59.2641509
1662    NA 2012-11-10     1825  67.7735849
1663    NA 2012-11-10     1830  77.6981132
1664    NA 2012-11-10     1835  74.2452830
1665    NA 2012-11-10     1840  85.3396226
1666    NA 2012-11-10     1845  99.4528302
1667    NA 2012-11-10     1850  86.5849057
1668    NA 2012-11-10     1855  85.6037736
1669    NA 2012-11-10     1900  84.8679245
1670    NA 2012-11-10     1905  77.8301887
1671    NA 2012-11-10     1910  58.0377358
1672    NA 2012-11-10     1915  53.3584906
1673    NA 2012-11-10     1920  36.3207547
1674    NA 2012-11-10     1925  20.7169811
1675    NA 2012-11-10     1930  27.3962264
1676    NA 2012-11-10     1935  40.0188679
1677    NA 2012-11-10     1940  30.2075472
1678    NA 2012-11-10     1945  25.5471698
1679    NA 2012-11-10     1950  45.6603774
1680    NA 2012-11-10     1955  33.5283019
1681    NA 2012-11-10     2000  19.6226415
1682    NA 2012-11-10     2005  19.0188679
1683    NA 2012-11-10     2010  19.3396226
1684    NA 2012-11-10     2015  33.3396226
1685    NA 2012-11-10     2020  26.8113208
1686    NA 2012-11-10     2025  21.1698113
1687    NA 2012-11-10     2030  27.3018868
1688    NA 2012-11-10     2035  21.3396226
1689    NA 2012-11-10     2040  19.5471698
1690    NA 2012-11-10     2045  21.3207547
1691    NA 2012-11-10     2050  32.3018868
1692    NA 2012-11-10     2055  20.1509434
1693    NA 2012-11-10     2100  15.9433962
1694    NA 2012-11-10     2105  17.2264151
1695    NA 2012-11-10     2110  23.4528302
1696    NA 2012-11-10     2115  19.2452830
1697    NA 2012-11-10     2120  12.4528302
1698    NA 2012-11-10     2125   8.0188679
1699    NA 2012-11-10     2130  14.6603774
1700    NA 2012-11-10     2135  16.3018868
1701    NA 2012-11-10     2140   8.6792453
1702    NA 2012-11-10     2145   7.7924528
1703    NA 2012-11-10     2150   8.1320755
1704    NA 2012-11-10     2155   2.6226415
1705    NA 2012-11-10     2200   1.4528302
1706    NA 2012-11-10     2205   3.6792453
1707    NA 2012-11-10     2210   4.8113208
1708    NA 2012-11-10     2215   8.5094340
1709    NA 2012-11-10     2220   7.0754717
1710    NA 2012-11-10     2225   8.6981132
1711    NA 2012-11-10     2230   9.7547170
1712    NA 2012-11-10     2235   2.2075472
1713    NA 2012-11-10     2240   0.3207547
1714    NA 2012-11-10     2245   0.1132075
1715    NA 2012-11-10     2250   1.6037736
1716    NA 2012-11-10     2255   4.6037736
1717    NA 2012-11-10     2300   3.3018868
1718    NA 2012-11-10     2305   2.8490566
1719    NA 2012-11-10     2310   0.0000000
1720    NA 2012-11-10     2315   0.8301887
1721    NA 2012-11-10     2320   0.9622642
1722    NA 2012-11-10     2325   1.5849057
1723    NA 2012-11-10     2330   2.6037736
1724    NA 2012-11-10     2335   4.6981132
1725    NA 2012-11-10     2340   3.3018868
1726    NA 2012-11-10     2345   0.6415094
1727    NA 2012-11-10     2350   0.2264151
1728    NA 2012-11-10     2355   1.0754717
1729    NA 2012-11-14        0   1.7169811
1730    NA 2012-11-14        5   0.3396226
1731    NA 2012-11-14       10   0.1320755
1732    NA 2012-11-14       15   0.1509434
1733    NA 2012-11-14       20   0.0754717
1734    NA 2012-11-14       25   2.0943396
1735    NA 2012-11-14       30   0.5283019
1736    NA 2012-11-14       35   0.8679245
1737    NA 2012-11-14       40   0.0000000
1738    NA 2012-11-14       45   1.4716981
1739    NA 2012-11-14       50   0.3018868
1740    NA 2012-11-14       55   0.1320755
1741    NA 2012-11-14      100   0.3207547
1742    NA 2012-11-14      105   0.6792453
1743    NA 2012-11-14      110   0.1509434
1744    NA 2012-11-14      115   0.3396226
1745    NA 2012-11-14      120   0.0000000
1746    NA 2012-11-14      125   1.1132075
1747    NA 2012-11-14      130   1.8301887
1748    NA 2012-11-14      135   0.1698113
1749    NA 2012-11-14      140   0.1698113
1750    NA 2012-11-14      145   0.3773585
1751    NA 2012-11-14      150   0.2641509
1752    NA 2012-11-14      155   0.0000000
1753    NA 2012-11-14      200   0.0000000
1754    NA 2012-11-14      205   0.0000000
1755    NA 2012-11-14      210   1.1320755
1756    NA 2012-11-14      215   0.0000000
1757    NA 2012-11-14      220   0.0000000
1758    NA 2012-11-14      225   0.1320755
1759    NA 2012-11-14      230   0.0000000
1760    NA 2012-11-14      235   0.2264151
1761    NA 2012-11-14      240   0.0000000
1762    NA 2012-11-14      245   0.0000000
1763    NA 2012-11-14      250   1.5471698
1764    NA 2012-11-14      255   0.9433962
1765    NA 2012-11-14      300   0.0000000
1766    NA 2012-11-14      305   0.0000000
1767    NA 2012-11-14      310   0.0000000
1768    NA 2012-11-14      315   0.0000000
1769    NA 2012-11-14      320   0.2075472
1770    NA 2012-11-14      325   0.6226415
1771    NA 2012-11-14      330   1.6226415
1772    NA 2012-11-14      335   0.5849057
1773    NA 2012-11-14      340   0.4905660
1774    NA 2012-11-14      345   0.0754717
1775    NA 2012-11-14      350   0.0000000
1776    NA 2012-11-14      355   0.0000000
1777    NA 2012-11-14      400   1.1886792
1778    NA 2012-11-14      405   0.9433962
1779    NA 2012-11-14      410   2.5660377
1780    NA 2012-11-14      415   0.0000000
1781    NA 2012-11-14      420   0.3396226
1782    NA 2012-11-14      425   0.3584906
1783    NA 2012-11-14      430   4.1132075
1784    NA 2012-11-14      435   0.6603774
1785    NA 2012-11-14      440   3.4905660
1786    NA 2012-11-14      445   0.8301887
1787    NA 2012-11-14      450   3.1132075
1788    NA 2012-11-14      455   1.1132075
1789    NA 2012-11-14      500   0.0000000
1790    NA 2012-11-14      505   1.5660377
1791    NA 2012-11-14      510   3.0000000
1792    NA 2012-11-14      515   2.2452830
1793    NA 2012-11-14      520   3.3207547
1794    NA 2012-11-14      525   2.9622642
1795    NA 2012-11-14      530   2.0943396
1796    NA 2012-11-14      535   6.0566038
1797    NA 2012-11-14      540  16.0188679
1798    NA 2012-11-14      545  18.3396226
1799    NA 2012-11-14      550  39.4528302
1800    NA 2012-11-14      555  44.4905660
1801    NA 2012-11-14      600  31.4905660
1802    NA 2012-11-14      605  49.2641509
1803    NA 2012-11-14      610  53.7735849
1804    NA 2012-11-14      615  63.4528302
1805    NA 2012-11-14      620  49.9622642
1806    NA 2012-11-14      625  47.0754717
1807    NA 2012-11-14      630  52.1509434
1808    NA 2012-11-14      635  39.3396226
1809    NA 2012-11-14      640  44.0188679
1810    NA 2012-11-14      645  44.1698113
1811    NA 2012-11-14      650  37.3584906
1812    NA 2012-11-14      655  49.0377358
1813    NA 2012-11-14      700  43.8113208
1814    NA 2012-11-14      705  44.3773585
1815    NA 2012-11-14      710  50.5094340
1816    NA 2012-11-14      715  54.5094340
1817    NA 2012-11-14      720  49.9245283
1818    NA 2012-11-14      725  50.9811321
1819    NA 2012-11-14      730  55.6792453
1820    NA 2012-11-14      735  44.3207547
1821    NA 2012-11-14      740  52.2641509
1822    NA 2012-11-14      745  69.5471698
1823    NA 2012-11-14      750  57.8490566
1824    NA 2012-11-14      755  56.1509434
1825    NA 2012-11-14      800  73.3773585
1826    NA 2012-11-14      805  68.2075472
1827    NA 2012-11-14      810 129.4339623
1828    NA 2012-11-14      815 157.5283019
1829    NA 2012-11-14      820 171.1509434
1830    NA 2012-11-14      825 155.3962264
1831    NA 2012-11-14      830 177.3018868
1832    NA 2012-11-14      835 206.1698113
1833    NA 2012-11-14      840 195.9245283
1834    NA 2012-11-14      845 179.5660377
1835    NA 2012-11-14      850 183.3962264
1836    NA 2012-11-14      855 167.0188679
1837    NA 2012-11-14      900 143.4528302
1838    NA 2012-11-14      905 124.0377358
1839    NA 2012-11-14      910 109.1132075
1840    NA 2012-11-14      915 108.1132075
1841    NA 2012-11-14      920 103.7169811
1842    NA 2012-11-14      925  95.9622642
1843    NA 2012-11-14      930  66.2075472
1844    NA 2012-11-14      935  45.2264151
1845    NA 2012-11-14      940  24.7924528
1846    NA 2012-11-14      945  38.7547170
1847    NA 2012-11-14      950  34.9811321
1848    NA 2012-11-14      955  21.0566038
1849    NA 2012-11-14     1000  40.5660377
1850    NA 2012-11-14     1005  26.9811321
1851    NA 2012-11-14     1010  42.4150943
1852    NA 2012-11-14     1015  52.6603774
1853    NA 2012-11-14     1020  38.9245283
1854    NA 2012-11-14     1025  50.7924528
1855    NA 2012-11-14     1030  44.2830189
1856    NA 2012-11-14     1035  37.4150943
1857    NA 2012-11-14     1040  34.6981132
1858    NA 2012-11-14     1045  28.3396226
1859    NA 2012-11-14     1050  25.0943396
1860    NA 2012-11-14     1055  31.9433962
1861    NA 2012-11-14     1100  31.3584906
1862    NA 2012-11-14     1105  29.6792453
1863    NA 2012-11-14     1110  21.3207547
1864    NA 2012-11-14     1115  25.5471698
1865    NA 2012-11-14     1120  28.3773585
1866    NA 2012-11-14     1125  26.4716981
1867    NA 2012-11-14     1130  33.4339623
1868    NA 2012-11-14     1135  49.9811321
1869    NA 2012-11-14     1140  42.0377358
1870    NA 2012-11-14     1145  44.6037736
1871    NA 2012-11-14     1150  46.0377358
1872    NA 2012-11-14     1155  59.1886792
1873    NA 2012-11-14     1200  63.8679245
1874    NA 2012-11-14     1205  87.6981132
1875    NA 2012-11-14     1210  94.8490566
1876    NA 2012-11-14     1215  92.7735849
1877    NA 2012-11-14     1220  63.3962264
1878    NA 2012-11-14     1225  50.1698113
1879    NA 2012-11-14     1230  54.4716981
1880    NA 2012-11-14     1235  32.4150943
1881    NA 2012-11-14     1240  26.5283019
1882    NA 2012-11-14     1245  37.7358491
1883    NA 2012-11-14     1250  45.0566038
1884    NA 2012-11-14     1255  67.2830189
1885    NA 2012-11-14     1300  42.3396226
1886    NA 2012-11-14     1305  39.8867925
1887    NA 2012-11-14     1310  43.2641509
1888    NA 2012-11-14     1315  40.9811321
1889    NA 2012-11-14     1320  46.2452830
1890    NA 2012-11-14     1325  56.4339623
1891    NA 2012-11-14     1330  42.7547170
1892    NA 2012-11-14     1335  25.1320755
1893    NA 2012-11-14     1340  39.9622642
1894    NA 2012-11-14     1345  53.5471698
1895    NA 2012-11-14     1350  47.3207547
1896    NA 2012-11-14     1355  60.8113208
1897    NA 2012-11-14     1400  55.7547170
1898    NA 2012-11-14     1405  51.9622642
1899    NA 2012-11-14     1410  43.5849057
1900    NA 2012-11-14     1415  48.6981132
1901    NA 2012-11-14     1420  35.4716981
1902    NA 2012-11-14     1425  37.5471698
1903    NA 2012-11-14     1430  41.8490566
1904    NA 2012-11-14     1435  27.5094340
1905    NA 2012-11-14     1440  17.1132075
1906    NA 2012-11-14     1445  26.0754717
1907    NA 2012-11-14     1450  43.6226415
1908    NA 2012-11-14     1455  43.7735849
1909    NA 2012-11-14     1500  30.0188679
1910    NA 2012-11-14     1505  36.0754717
1911    NA 2012-11-14     1510  35.4905660
1912    NA 2012-11-14     1515  38.8490566
1913    NA 2012-11-14     1520  45.9622642
1914    NA 2012-11-14     1525  47.7547170
1915    NA 2012-11-14     1530  48.1320755
1916    NA 2012-11-14     1535  65.3207547
1917    NA 2012-11-14     1540  82.9056604
1918    NA 2012-11-14     1545  98.6603774
1919    NA 2012-11-14     1550 102.1132075
1920    NA 2012-11-14     1555  83.9622642
1921    NA 2012-11-14     1600  62.1320755
1922    NA 2012-11-14     1605  64.1320755
1923    NA 2012-11-14     1610  74.5471698
1924    NA 2012-11-14     1615  63.1698113
1925    NA 2012-11-14     1620  56.9056604
1926    NA 2012-11-14     1625  59.7735849
1927    NA 2012-11-14     1630  43.8679245
1928    NA 2012-11-14     1635  38.5660377
1929    NA 2012-11-14     1640  44.6603774
1930    NA 2012-11-14     1645  45.4528302
1931    NA 2012-11-14     1650  46.2075472
1932    NA 2012-11-14     1655  43.6792453
1933    NA 2012-11-14     1700  46.6226415
1934    NA 2012-11-14     1705  56.3018868
1935    NA 2012-11-14     1710  50.7169811
1936    NA 2012-11-14     1715  61.2264151
1937    NA 2012-11-14     1720  72.7169811
1938    NA 2012-11-14     1725  78.9433962
1939    NA 2012-11-14     1730  68.9433962
1940    NA 2012-11-14     1735  59.6603774
1941    NA 2012-11-14     1740  75.0943396
1942    NA 2012-11-14     1745  56.5094340
1943    NA 2012-11-14     1750  34.7735849
1944    NA 2012-11-14     1755  37.4528302
1945    NA 2012-11-14     1800  40.6792453
1946    NA 2012-11-14     1805  58.0188679
1947    NA 2012-11-14     1810  74.6981132
1948    NA 2012-11-14     1815  85.3207547
1949    NA 2012-11-14     1820  59.2641509
1950    NA 2012-11-14     1825  67.7735849
1951    NA 2012-11-14     1830  77.6981132
1952    NA 2012-11-14     1835  74.2452830
1953    NA 2012-11-14     1840  85.3396226
1954    NA 2012-11-14     1845  99.4528302
1955    NA 2012-11-14     1850  86.5849057
1956    NA 2012-11-14     1855  85.6037736
1957    NA 2012-11-14     1900  84.8679245
1958    NA 2012-11-14     1905  77.8301887
1959    NA 2012-11-14     1910  58.0377358
1960    NA 2012-11-14     1915  53.3584906
1961    NA 2012-11-14     1920  36.3207547
1962    NA 2012-11-14     1925  20.7169811
1963    NA 2012-11-14     1930  27.3962264
1964    NA 2012-11-14     1935  40.0188679
1965    NA 2012-11-14     1940  30.2075472
1966    NA 2012-11-14     1945  25.5471698
1967    NA 2012-11-14     1950  45.6603774
1968    NA 2012-11-14     1955  33.5283019
1969    NA 2012-11-14     2000  19.6226415
1970    NA 2012-11-14     2005  19.0188679
1971    NA 2012-11-14     2010  19.3396226
1972    NA 2012-11-14     2015  33.3396226
1973    NA 2012-11-14     2020  26.8113208
1974    NA 2012-11-14     2025  21.1698113
1975    NA 2012-11-14     2030  27.3018868
1976    NA 2012-11-14     2035  21.3396226
1977    NA 2012-11-14     2040  19.5471698
1978    NA 2012-11-14     2045  21.3207547
1979    NA 2012-11-14     2050  32.3018868
1980    NA 2012-11-14     2055  20.1509434
1981    NA 2012-11-14     2100  15.9433962
1982    NA 2012-11-14     2105  17.2264151
1983    NA 2012-11-14     2110  23.4528302
1984    NA 2012-11-14     2115  19.2452830
1985    NA 2012-11-14     2120  12.4528302
1986    NA 2012-11-14     2125   8.0188679
1987    NA 2012-11-14     2130  14.6603774
1988    NA 2012-11-14     2135  16.3018868
1989    NA 2012-11-14     2140   8.6792453
1990    NA 2012-11-14     2145   7.7924528
1991    NA 2012-11-14     2150   8.1320755
1992    NA 2012-11-14     2155   2.6226415
1993    NA 2012-11-14     2200   1.4528302
1994    NA 2012-11-14     2205   3.6792453
1995    NA 2012-11-14     2210   4.8113208
1996    NA 2012-11-14     2215   8.5094340
1997    NA 2012-11-14     2220   7.0754717
1998    NA 2012-11-14     2225   8.6981132
1999    NA 2012-11-14     2230   9.7547170
2000    NA 2012-11-14     2235   2.2075472
2001    NA 2012-11-14     2240   0.3207547
2002    NA 2012-11-14     2245   0.1132075
2003    NA 2012-11-14     2250   1.6037736
2004    NA 2012-11-14     2255   4.6037736
2005    NA 2012-11-14     2300   3.3018868
2006    NA 2012-11-14     2305   2.8490566
2007    NA 2012-11-14     2310   0.0000000
2008    NA 2012-11-14     2315   0.8301887
2009    NA 2012-11-14     2320   0.9622642
2010    NA 2012-11-14     2325   1.5849057
2011    NA 2012-11-14     2330   2.6037736
2012    NA 2012-11-14     2335   4.6981132
2013    NA 2012-11-14     2340   3.3018868
2014    NA 2012-11-14     2345   0.6415094
2015    NA 2012-11-14     2350   0.2264151
2016    NA 2012-11-14     2355   1.0754717
2017    NA 2012-11-30        0   1.7169811
2018    NA 2012-11-30        5   0.3396226
2019    NA 2012-11-30       10   0.1320755
2020    NA 2012-11-30       15   0.1509434
2021    NA 2012-11-30       20   0.0754717
2022    NA 2012-11-30       25   2.0943396
2023    NA 2012-11-30       30   0.5283019
2024    NA 2012-11-30       35   0.8679245
2025    NA 2012-11-30       40   0.0000000
2026    NA 2012-11-30       45   1.4716981
2027    NA 2012-11-30       50   0.3018868
2028    NA 2012-11-30       55   0.1320755
2029    NA 2012-11-30      100   0.3207547
2030    NA 2012-11-30      105   0.6792453
2031    NA 2012-11-30      110   0.1509434
2032    NA 2012-11-30      115   0.3396226
2033    NA 2012-11-30      120   0.0000000
2034    NA 2012-11-30      125   1.1132075
2035    NA 2012-11-30      130   1.8301887
2036    NA 2012-11-30      135   0.1698113
2037    NA 2012-11-30      140   0.1698113
2038    NA 2012-11-30      145   0.3773585
2039    NA 2012-11-30      150   0.2641509
2040    NA 2012-11-30      155   0.0000000
2041    NA 2012-11-30      200   0.0000000
2042    NA 2012-11-30      205   0.0000000
2043    NA 2012-11-30      210   1.1320755
2044    NA 2012-11-30      215   0.0000000
2045    NA 2012-11-30      220   0.0000000
2046    NA 2012-11-30      225   0.1320755
2047    NA 2012-11-30      230   0.0000000
2048    NA 2012-11-30      235   0.2264151
2049    NA 2012-11-30      240   0.0000000
2050    NA 2012-11-30      245   0.0000000
2051    NA 2012-11-30      250   1.5471698
2052    NA 2012-11-30      255   0.9433962
2053    NA 2012-11-30      300   0.0000000
2054    NA 2012-11-30      305   0.0000000
2055    NA 2012-11-30      310   0.0000000
2056    NA 2012-11-30      315   0.0000000
2057    NA 2012-11-30      320   0.2075472
2058    NA 2012-11-30      325   0.6226415
2059    NA 2012-11-30      330   1.6226415
2060    NA 2012-11-30      335   0.5849057
2061    NA 2012-11-30      340   0.4905660
2062    NA 2012-11-30      345   0.0754717
2063    NA 2012-11-30      350   0.0000000
2064    NA 2012-11-30      355   0.0000000
2065    NA 2012-11-30      400   1.1886792
2066    NA 2012-11-30      405   0.9433962
2067    NA 2012-11-30      410   2.5660377
2068    NA 2012-11-30      415   0.0000000
2069    NA 2012-11-30      420   0.3396226
2070    NA 2012-11-30      425   0.3584906
2071    NA 2012-11-30      430   4.1132075
2072    NA 2012-11-30      435   0.6603774
2073    NA 2012-11-30      440   3.4905660
2074    NA 2012-11-30      445   0.8301887
2075    NA 2012-11-30      450   3.1132075
2076    NA 2012-11-30      455   1.1132075
2077    NA 2012-11-30      500   0.0000000
2078    NA 2012-11-30      505   1.5660377
2079    NA 2012-11-30      510   3.0000000
2080    NA 2012-11-30      515   2.2452830
2081    NA 2012-11-30      520   3.3207547
2082    NA 2012-11-30      525   2.9622642
2083    NA 2012-11-30      530   2.0943396
2084    NA 2012-11-30      535   6.0566038
2085    NA 2012-11-30      540  16.0188679
2086    NA 2012-11-30      545  18.3396226
2087    NA 2012-11-30      550  39.4528302
2088    NA 2012-11-30      555  44.4905660
2089    NA 2012-11-30      600  31.4905660
2090    NA 2012-11-30      605  49.2641509
2091    NA 2012-11-30      610  53.7735849
2092    NA 2012-11-30      615  63.4528302
2093    NA 2012-11-30      620  49.9622642
2094    NA 2012-11-30      625  47.0754717
2095    NA 2012-11-30      630  52.1509434
2096    NA 2012-11-30      635  39.3396226
2097    NA 2012-11-30      640  44.0188679
2098    NA 2012-11-30      645  44.1698113
2099    NA 2012-11-30      650  37.3584906
2100    NA 2012-11-30      655  49.0377358
2101    NA 2012-11-30      700  43.8113208
2102    NA 2012-11-30      705  44.3773585
2103    NA 2012-11-30      710  50.5094340
2104    NA 2012-11-30      715  54.5094340
2105    NA 2012-11-30      720  49.9245283
2106    NA 2012-11-30      725  50.9811321
2107    NA 2012-11-30      730  55.6792453
2108    NA 2012-11-30      735  44.3207547
2109    NA 2012-11-30      740  52.2641509
2110    NA 2012-11-30      745  69.5471698
2111    NA 2012-11-30      750  57.8490566
2112    NA 2012-11-30      755  56.1509434
2113    NA 2012-11-30      800  73.3773585
2114    NA 2012-11-30      805  68.2075472
2115    NA 2012-11-30      810 129.4339623
2116    NA 2012-11-30      815 157.5283019
2117    NA 2012-11-30      820 171.1509434
2118    NA 2012-11-30      825 155.3962264
2119    NA 2012-11-30      830 177.3018868
2120    NA 2012-11-30      835 206.1698113
2121    NA 2012-11-30      840 195.9245283
2122    NA 2012-11-30      845 179.5660377
2123    NA 2012-11-30      850 183.3962264
2124    NA 2012-11-30      855 167.0188679
2125    NA 2012-11-30      900 143.4528302
2126    NA 2012-11-30      905 124.0377358
2127    NA 2012-11-30      910 109.1132075
2128    NA 2012-11-30      915 108.1132075
2129    NA 2012-11-30      920 103.7169811
2130    NA 2012-11-30      925  95.9622642
2131    NA 2012-11-30      930  66.2075472
2132    NA 2012-11-30      935  45.2264151
2133    NA 2012-11-30      940  24.7924528
2134    NA 2012-11-30      945  38.7547170
2135    NA 2012-11-30      950  34.9811321
2136    NA 2012-11-30      955  21.0566038
2137    NA 2012-11-30     1000  40.5660377
2138    NA 2012-11-30     1005  26.9811321
2139    NA 2012-11-30     1010  42.4150943
2140    NA 2012-11-30     1015  52.6603774
2141    NA 2012-11-30     1020  38.9245283
2142    NA 2012-11-30     1025  50.7924528
2143    NA 2012-11-30     1030  44.2830189
2144    NA 2012-11-30     1035  37.4150943
2145    NA 2012-11-30     1040  34.6981132
2146    NA 2012-11-30     1045  28.3396226
2147    NA 2012-11-30     1050  25.0943396
2148    NA 2012-11-30     1055  31.9433962
2149    NA 2012-11-30     1100  31.3584906
2150    NA 2012-11-30     1105  29.6792453
2151    NA 2012-11-30     1110  21.3207547
2152    NA 2012-11-30     1115  25.5471698
2153    NA 2012-11-30     1120  28.3773585
2154    NA 2012-11-30     1125  26.4716981
2155    NA 2012-11-30     1130  33.4339623
2156    NA 2012-11-30     1135  49.9811321
2157    NA 2012-11-30     1140  42.0377358
2158    NA 2012-11-30     1145  44.6037736
2159    NA 2012-11-30     1150  46.0377358
2160    NA 2012-11-30     1155  59.1886792
2161    NA 2012-11-30     1200  63.8679245
2162    NA 2012-11-30     1205  87.6981132
2163    NA 2012-11-30     1210  94.8490566
2164    NA 2012-11-30     1215  92.7735849
2165    NA 2012-11-30     1220  63.3962264
2166    NA 2012-11-30     1225  50.1698113
2167    NA 2012-11-30     1230  54.4716981
2168    NA 2012-11-30     1235  32.4150943
2169    NA 2012-11-30     1240  26.5283019
2170    NA 2012-11-30     1245  37.7358491
2171    NA 2012-11-30     1250  45.0566038
2172    NA 2012-11-30     1255  67.2830189
2173    NA 2012-11-30     1300  42.3396226
2174    NA 2012-11-30     1305  39.8867925
2175    NA 2012-11-30     1310  43.2641509
2176    NA 2012-11-30     1315  40.9811321
2177    NA 2012-11-30     1320  46.2452830
2178    NA 2012-11-30     1325  56.4339623
2179    NA 2012-11-30     1330  42.7547170
2180    NA 2012-11-30     1335  25.1320755
2181    NA 2012-11-30     1340  39.9622642
2182    NA 2012-11-30     1345  53.5471698
2183    NA 2012-11-30     1350  47.3207547
2184    NA 2012-11-30     1355  60.8113208
2185    NA 2012-11-30     1400  55.7547170
2186    NA 2012-11-30     1405  51.9622642
2187    NA 2012-11-30     1410  43.5849057
2188    NA 2012-11-30     1415  48.6981132
2189    NA 2012-11-30     1420  35.4716981
2190    NA 2012-11-30     1425  37.5471698
2191    NA 2012-11-30     1430  41.8490566
2192    NA 2012-11-30     1435  27.5094340
2193    NA 2012-11-30     1440  17.1132075
2194    NA 2012-11-30     1445  26.0754717
2195    NA 2012-11-30     1450  43.6226415
2196    NA 2012-11-30     1455  43.7735849
2197    NA 2012-11-30     1500  30.0188679
2198    NA 2012-11-30     1505  36.0754717
2199    NA 2012-11-30     1510  35.4905660
2200    NA 2012-11-30     1515  38.8490566
2201    NA 2012-11-30     1520  45.9622642
2202    NA 2012-11-30     1525  47.7547170
2203    NA 2012-11-30     1530  48.1320755
2204    NA 2012-11-30     1535  65.3207547
2205    NA 2012-11-30     1540  82.9056604
2206    NA 2012-11-30     1545  98.6603774
2207    NA 2012-11-30     1550 102.1132075
2208    NA 2012-11-30     1555  83.9622642
2209    NA 2012-11-30     1600  62.1320755
2210    NA 2012-11-30     1605  64.1320755
2211    NA 2012-11-30     1610  74.5471698
2212    NA 2012-11-30     1615  63.1698113
2213    NA 2012-11-30     1620  56.9056604
2214    NA 2012-11-30     1625  59.7735849
2215    NA 2012-11-30     1630  43.8679245
2216    NA 2012-11-30     1635  38.5660377
2217    NA 2012-11-30     1640  44.6603774
2218    NA 2012-11-30     1645  45.4528302
2219    NA 2012-11-30     1650  46.2075472
2220    NA 2012-11-30     1655  43.6792453
2221    NA 2012-11-30     1700  46.6226415
2222    NA 2012-11-30     1705  56.3018868
2223    NA 2012-11-30     1710  50.7169811
2224    NA 2012-11-30     1715  61.2264151
2225    NA 2012-11-30     1720  72.7169811
2226    NA 2012-11-30     1725  78.9433962
2227    NA 2012-11-30     1730  68.9433962
2228    NA 2012-11-30     1735  59.6603774
2229    NA 2012-11-30     1740  75.0943396
2230    NA 2012-11-30     1745  56.5094340
2231    NA 2012-11-30     1750  34.7735849
2232    NA 2012-11-30     1755  37.4528302
2233    NA 2012-11-30     1800  40.6792453
2234    NA 2012-11-30     1805  58.0188679
2235    NA 2012-11-30     1810  74.6981132
2236    NA 2012-11-30     1815  85.3207547
2237    NA 2012-11-30     1820  59.2641509
2238    NA 2012-11-30     1825  67.7735849
2239    NA 2012-11-30     1830  77.6981132
2240    NA 2012-11-30     1835  74.2452830
2241    NA 2012-11-30     1840  85.3396226
2242    NA 2012-11-30     1845  99.4528302
2243    NA 2012-11-30     1850  86.5849057
2244    NA 2012-11-30     1855  85.6037736
2245    NA 2012-11-30     1900  84.8679245
2246    NA 2012-11-30     1905  77.8301887
2247    NA 2012-11-30     1910  58.0377358
2248    NA 2012-11-30     1915  53.3584906
2249    NA 2012-11-30     1920  36.3207547
2250    NA 2012-11-30     1925  20.7169811
2251    NA 2012-11-30     1930  27.3962264
2252    NA 2012-11-30     1935  40.0188679
2253    NA 2012-11-30     1940  30.2075472
2254    NA 2012-11-30     1945  25.5471698
2255    NA 2012-11-30     1950  45.6603774
2256    NA 2012-11-30     1955  33.5283019
2257    NA 2012-11-30     2000  19.6226415
2258    NA 2012-11-30     2005  19.0188679
2259    NA 2012-11-30     2010  19.3396226
2260    NA 2012-11-30     2015  33.3396226
2261    NA 2012-11-30     2020  26.8113208
2262    NA 2012-11-30     2025  21.1698113
2263    NA 2012-11-30     2030  27.3018868
2264    NA 2012-11-30     2035  21.3396226
2265    NA 2012-11-30     2040  19.5471698
2266    NA 2012-11-30     2045  21.3207547
2267    NA 2012-11-30     2050  32.3018868
2268    NA 2012-11-30     2055  20.1509434
2269    NA 2012-11-30     2100  15.9433962
2270    NA 2012-11-30     2105  17.2264151
2271    NA 2012-11-30     2110  23.4528302
2272    NA 2012-11-30     2115  19.2452830
2273    NA 2012-11-30     2120  12.4528302
2274    NA 2012-11-30     2125   8.0188679
2275    NA 2012-11-30     2130  14.6603774
2276    NA 2012-11-30     2135  16.3018868
2277    NA 2012-11-30     2140   8.6792453
2278    NA 2012-11-30     2145   7.7924528
2279    NA 2012-11-30     2150   8.1320755
2280    NA 2012-11-30     2155   2.6226415
2281    NA 2012-11-30     2200   1.4528302
2282    NA 2012-11-30     2205   3.6792453
2283    NA 2012-11-30     2210   4.8113208
2284    NA 2012-11-30     2215   8.5094340
2285    NA 2012-11-30     2220   7.0754717
2286    NA 2012-11-30     2225   8.6981132
2287    NA 2012-11-30     2230   9.7547170
2288    NA 2012-11-30     2235   2.2075472
2289    NA 2012-11-30     2240   0.3207547
2290    NA 2012-11-30     2245   0.1132075
2291    NA 2012-11-30     2250   1.6037736
2292    NA 2012-11-30     2255   4.6037736
2293    NA 2012-11-30     2300   3.3018868
2294    NA 2012-11-30     2305   2.8490566
2295    NA 2012-11-30     2310   0.0000000
2296    NA 2012-11-30     2315   0.8301887
2297    NA 2012-11-30     2320   0.9622642
2298    NA 2012-11-30     2325   1.5849057
2299    NA 2012-11-30     2330   2.6037736
2300    NA 2012-11-30     2335   4.6981132
2301    NA 2012-11-30     2340   3.3018868
2302    NA 2012-11-30     2345   0.6415094
2303    NA 2012-11-30     2350   0.2264151
2304    NA 2012-11-30     2355   1.0754717
> View(patch)
> View(activity_no_na)
> patch.names
Error: object 'patch.names' not found
> names(patch)
[1] "steps"      "date"       "interval"   "mean_steps"
> patch <- sapply(patch, steps = mean_steps)
Error in match.fun(FUN) : argument "FUN" is missing, with no default
> patch$steps<-patch$mean_steps
> patch$mean_steps <- null
Error: object 'null' not found
> patch$mean_steps <- NULL
> View(patch)
> patched <- cbind(activity_no_na, patch)
Error in data.frame(..., check.names = FALSE) : 
  arguments imply differing number of rows: 15264, 2304
> patched <- rbind(activity_no_na, patch)
